idnum	intelligens	utbildning	SEB	USEP25	USEP30	USEP35	USEP40
1	25.423162	5.50536	13.732969	8.270898	8.574376	9.874388	6.631898
2	20.807877	4.510431	12.659567	3.107457	9.535736	13.523933	12.950746
3	28.809239	15.666	12.347761	8.951866	4.254528	11.601	12.655365
4	-0.66721	1.916253	0.223057	-6.070353	-3.602859	-3.314952	1.312734
5	17.264935	13.530728	12.059872	5.221525	4.514241	7.533834	10.71448
6	11.979927	11.2197	7.169781	2.035306	4.382462	4.942606	9.741398
7	26.733687	10.925265	13.128842	9.255809	12.456004	11.404594	12.369208
8	17.855762	6.741772	11.325756	10.256999	8.09532	5.090858	5.858084
9	10.267028	4.586934	7.197838	-2.418031	3.338579	6.298697	2.525628
10	12.073392	10.669371	8.234739	8.249661	6.790437	9.595397	7.971345
11	9.725414	-2.248512	6.410689	6.107641	4.882398	6.099982	2.833498
12	7.647185	3.286353	9.375309	0.895566	3.42103	4.623593	6.730351
13	16.960411	10.70622	13.714838	9.880484	12.104435	10.00203	13.67425
14	5.764093	3.431594	10.588849	4.075695	5.444612	8.480151	13.939811
15	14.519938	7.191352	6.144496	7.474388	3.081029	7.387873	5.70226
16	15.844555	7.793148	9.156865	5.550753	6.271641	6.072601	7.034383
17	22.812454	9.004849	6.373469	8.376773	5.274108	5.138574	1.359207
18	20.298855	5.808217	13.78	2.699226	9.520728	13.796931	9.963397
19	14.647851	5.968284	10.329196	10.20616	8.334363	7.247288	8.727006
20	11.188358	7.79278	18.628051	10.344187	7.907088	10.696844	9.800365
21	25.15613	12.18486	13.9909	6.399428	9.788383	7.055254	10.741504
22	29.144182	19.960037	24.706392	19.434424	16.685533	19.062962	16.635191
23	11.087664	6.050356	10.231877	4.918389	8.130342	7.948263	7.50267
24	23.911321	6.93786	16.918477	9.280089	14.010245	13.400089	13.880278
25	15.422387	5.332831	13.518421	3.946051	8.192743	8.999185	7.939797
26	21.931614	3.178457	13.278624	4.105767	5.991571	6.147851	5.546778
27	21.512496	5.951636	17.862365	6.82565	9.082763	11.373568	10.033337
28	16.51686	7.714253	14.311286	6.874962	6.386001	11.260422	9.072122
29	14.922167	9.281575	13.070554	5.788912	11.257236	13.351714	11.52019
30	10.574143	10.076019	11.736801	6.749277	6.038079	7.055257	8.354451
31	13.933643	8.541652	17.984419	7.321631	15.362975	11.596884	12.768631
32	16.921528	10.710266	3.481788	7.477503	6.935506	3.044723	4.785204
33	29.953611	18.132152	19.599965	12.05716	15.651311	14.231227	13.579541
34	13.85479	8.586372	10.445239	9.916183	9.430652	6.312069	5.384355
35	23.962671	10.061736	10.471962	10.372152	13.144901	13.67356	13.964867
36	8.931249	3.146383	-1.499112	6.065672	1.11041	-3.426534	-1.716627
37	22.517788	3.510558	17.473184	8.683935	6.093651	7.014849	6.61924
38	18.220882	4.367935	13.719609	8.507879	8.847952	9.347201	12.227546
39	4.841358	9.271459	7.786776	-0.438681	-1.000558	2.961454	8.380275
40	22.235474	3.214594	9.050712	11.991477	8.849891	7.954003	6.427743
41	16.16034	7.535418	17.28392	6.971149	10.036988	12.674053	11.494572
42	12.895228	3.659856	8.823463	14.016133	9.388424	8.069962	7.405349
43	9.874641	8.014352	5.247497	6.931787	2.243099	1.657499	0.769142
44	21.07045	4.652052	11.255777	3.896634	10.625512	8.8367	9.591037
45	7.516753	0.310894	5.598104	2.167906	3.10804	-1.504001	1.372064
46	12.758346	10.063456	9.649674	5.874767	2.286326	7.29773	6.372735
47	16.117359	7.080863	13.329681	9.714514	11.846238	13.513487	10.633363
48	27.4862	6.703289	17.972254	7.340044	11.205483	16.738112	13.282655
49	23.785413	11.838546	13.430399	3.267078	8.822989	8.306389	10.973686
50	20.438064	7.850152	11.223543	3.797471	11.07463	11.871087	14.344715
51	2.234591	3.726073	8.322396	7.750001	8.332301	7.35882	4.355643
52	11.271767	6.394466	11.583616	12.802738	10.004161	6.346362	4.832409
53	14.149545	4.760602	10.193398	7.693497	14.814562	10.981399	12.734005
54	19.133882	7.718717	8.390874	6.799537	8.449898	12.884452	13.344622
55	13.191588	7.164169	2.213618	-0.506864	-1.438077	-1.793881	-1.226769
56	11.335541	7.920823	8.192249	6.302352	14.803246	10.609817	11.846006
57	11.424614	2.384485	8.86796	9.721884	6.198741	6.702938	7.021197
58	21.497794	4.504772	13.724709	5.666313	7.792257	8.207273	8.734671
59	10.374019	7.259299	7.767367	6.899406	9.522426	10.228962	11.649993
60	22.368905	5.440156	11.428141	11.581552	12.657542	9.151274	7.780155
61	16.714909	4.116878	15.76807	6.571314	8.816767	8.047006	12.795147
62	14.476181	11.218933	13.807406	11.363195	13.676988	15.807562	14.677443
63	15.908001	2.897365	11.405681	4.861065	1.95917	0.384338	3.324826
64	22.560453	14.439085	10.531079	9.459874	12.335217	11.143272	12.660498
65	22.579092	-0.61346	-0.118585	4.531097	2.135746	4.993401	4.368244
66	11.803053	4.855381	5.996296	5.48927	2.072406	0.21457	2.703755
67	16.596709	12.002504	7.669363	2.556895	4.662104	3.333935	10.238182
68	13.393197	8.300109	10.197166	5.487599	7.198781	10.991685	10.978955
69	8.679242	11.028984	10.017498	3.29649	8.091739	7.065316	9.004907
70	12.164222	-1.086846	12.137673	8.119957	12.499819	17.985822	10.606517
71	17.665929	8.04385	5.579969	0.388975	0.546429	1.908478	1.820673
72	20.746318	10.009525	19.226574	6.608745	13.889621	12.728619	10.774099
73	19.317211	6.812906	10.596981	9.749018	9.439652	9.717181	11.605193
74	23.687475	10.071519	21.990413	19.097845	24.176718	19.557484	19.801962
75	11.249001	8.154327	8.743725	1.258947	6.805627	7.124549	8.339611
76	5.998419	9.901553	3.364684	4.187751	4.213299	7.767186	3.915606
77	19.882302	1.563839	7.348435	4.216828	-1.083248	6.494567	10.594082
78	15.947157	4.762856	11.890448	9.742543	13.662783	14.258598	14.309803
79	27.663806	7.162466	19.531914	11.541715	10.1507	10.089633	11.344415
80	20.372273	12.651459	15.913667	7.058319	4.760562	10.056339	6.416809
81	18.901183	8.899963	19.053728	15.412896	18.081595	13.823712	17.460778
82	25.490816	6.484528	19.200497	11.534094	13.76389	14.092086	15.469586
83	22.522268	8.628777	16.358332	6.524865	13.175613	13.27916	12.930389
84	10.604822	5.493437	8.368675	7.79255	9.648252	7.047452	9.43468
85	24.194825	9.976598	14.381171	11.633631	13.498948	13.029188	13.630198
86	16.765278	9.903034	11.077633	1.758172	5.722617	3.023875	1.280461
87	23.186415	7.961929	10.625903	10.757918	13.666169	10.297885	8.138867
88	17.860749	10.437245	5.949753	4.548276	5.076977	7.342788	7.315432
89	5.442338	-1.61888	5.945456	6.906909	2.467151	2.482015	3.241353
90	18.930974	-2.938153	11.363959	7.771447	10.35559	15.292788	8.871949
91	25.919558	8.534736	9.919476	6.770933	7.06096	9.801234	13.213641
92	9.986517	12.105129	12.640084	7.911135	9.537385	11.238777	9.623475
93	12.579962	1.347914	10.336674	8.349539	9.313216	5.886448	7.996298
94	31.233383	8.910608	22.66835	12.954799	12.914164	12.124368	12.65529
95	16.962983	2.92064	14.163217	1.34703	6.373522	8.122737	9.13047
96	11.735795	7.880639	14.190194	1.117309	7.131388	11.224329	10.780455
97	5.211576	7.766864	4.474282	3.875929	4.655977	4.572671	5.318728
98	15.267935	7.026242	10.282886	1.329609	3.242204	3.640895	3.863907
99	10.535151	14.345626	8.77726	6.903846	8.674215	3.382696	3.303227
100	17.856622	10.441039	11.523311	15.465252	10.69103	13.350871	13.039459
101	22.17596	6.185567	18.703296	10.0919	11.815724	12.268549	8.564741
102	2.385328	4.110836	1.061661	4.236033	1.118243	2.000329	7.105491
103	22.113224	14.683006	21.273783	8.424992	13.244907	12.17977	13.07144
104	11.601283	2.493716	0.939949	0.158027	2.971165	-2.402689	-3.809643
105	9.361335	4.074712	3.108716	1.575463	3.0256	0.505512	-0.18587
106	12.848698	5.936897	8.833418	3.143827	5.223655	3.992815	4.946552
107	15.332882	4.546907	16.228619	9.73988	12.533272	14.879106	19.646248
108	8.359453	6.356633	5.553135	4.0067	3.568035	10.014803	10.87484
109	24.468853	3.678777	19.553166	9.308833	7.708929	13.214332	10.609712
110	19.28485	11.996623	16.539591	7.706824	8.169618	9.004774	10.675356
111	13.981061	3.107348	8.114582	8.065638	4.797228	4.772959	3.462656
112	14.135189	-0.37673	10.731563	3.384327	2.83218	5.823023	4.674548
113	16.765743	6.2287	7.020535	9.009962	8.307952	5.106504	5.956709
114	20.728735	8.564324	11.698697	4.214359	5.403574	9.482374	11.677095
115	20.943706	3.391672	16.74117	11.169242	6.190002	9.546387	9.697262
116	20.812901	8.668501	9.581959	6.108672	6.767394	11.43599	11.600358
117	15.235553	5.648795	8.211244	6.527087	6.979883	8.18247	9.393473
118	19.95053	9.39908	9.663917	7.280344	10.046317	7.141919	7.154352
119	15.69317	10.219977	12.269431	10.576111	9.862471	12.670349	11.413556
120	16.298534	4.416885	7.952502	2.951498	1.997929	5.98524	6.872124
121	1.591653	-1.479786	-2.757799	-2.205861	-3.486521	3.17323	1.052913
122	12.267418	3.756822	14.662052	9.71836	9.762864	10.040886	7.654159
123	12.544617	3.101337	3.655624	8.649569	4.374314	6.068414	6.302217
124	8.896463	5.77528	9.21181	0.379787	3.64602	3.886864	3.507719
125	16.602946	12.158624	10.890375	13.753393	13.155133	14.321301	12.495256
126	21.998102	5.374353	12.210212	9.52649	12.420065	11.038451	13.155008
127	29.435363	7.877254	16.627237	3.530584	7.16598	10.926723	10.97208
128	12.408921	7.736577	15.125206	0.728317	1.70623	0.927271	5.265943
129	25.809133	9.045551	17.65762	9.033745	12.771037	12.642785	11.843773
130	17.897198	12.319222	14.058197	12.281965	12.132517	7.672682	10.402504
131	17.031131	5.264706	12.655623	5.804698	3.989465	5.105777	3.260255
132	23.842243	5.160259	14.912617	13.225181	13.258393	15.064452	15.559697
133	12.468185	2.495831	6.962188	1.910161	1.360594	1.275288	-0.745339
134	18.289015	7.945903	16.273377	12.233342	13.725885	13.569862	12.369017
135	20.331389	8.374833	14.325194	8.88696	9.397501	5.314139	8.852579
136	19.836305	9.519068	10.621068	3.99334	10.190657	9.182179	10.180151
137	13.742583	-4.061077	5.691559	5.256043	2.013923	4.199328	4.005584
138	30.031922	7.047558	11.651039	10.817405	11.710153	8.951853	14.081224
139	4.132075	-2.003022	10.395043	7.480195	8.550793	7.654978	11.690089
140	21.063229	6.202559	8.427365	5.76536	4.29385	6.293905	7.206163
141	9.626194	5.30499	7.60977	1.9247	4.755472	7.511044	7.209119
142	21.179211	12.51207	13.322244	8.623129	11.379275	11.783309	12.351499
143	10.693765	2.231431	10.420046	6.540088	2.546047	2.570234	3.698334
144	18.511598	7.470911	14.744373	6.217978	5.897876	9.715854	7.991515
145	18.824248	8.975837	6.359095	8.276769	5.570458	6.053093	9.453765
146	19.672053	8.566751	18.262188	9.426421	9.206358	10.612888	12.123991
147	15.298339	11.48602	2.176608	6.29067	3.955028	2.704721	-2.271543
148	21.68026	9.62605	22.539489	9.781399	11.161339	17.629612	14.387795
149	23.101083	7.009621	4.008145	2.631893	1.800675	-0.924416	1.753503
150	13.775341	5.540486	13.561094	3.26152	10.507011	7.521612	11.213883
151	15.301843	15.07808	16.502164	5.056813	5.40942	9.33784	8.019115
152	25.078313	3.686381	8.98432	8.8841	10.725913	8.335601	6.919195
153	17.681348	4.119706	6.689412	4.734692	6.830709	4.363749	6.409725
154	11.590927	9.09275	8.476191	11.169802	8.683583	5.82958	8.303096
155	15.501879	6.448064	11.144971	13.130097	11.367028	9.538418	12.821454
156	5.907694	2.499706	7.183724	3.030361	-0.774745	2.77115	6.033982
157	14.63877	10.924344	14.569973	6.927288	10.559673	14.050198	11.524922
158	21.51017	11.549156	11.861296	5.545644	9.143869	7.343266	6.193821
159	22.354576	5.667517	10.863165	4.384732	1.528154	-1.048848	0.957559
160	7.378371	7.570377	-1.843932	7.581627	4.368229	3.195803	5.577185
161	11.913488	2.454156	-0.904546	10.93803	6.946232	8.019596	8.800193
162	8.248723	0.477602	10.636674	7.132446	8.424718	7.72157	5.981443
163	16.009534	3.493658	10.971677	6.095368	6.151933	8.014282	7.097423
164	16.080393	2.535323	6.569279	12.231041	10.681477	8.871551	8.204113
165	5.930579	8.309309	8.308124	8.796223	5.416424	9.195886	13.189614
166	17.141222	11.286263	20.544849	8.213528	5.824836	10.451949	9.627324
167	9.121847	3.816987	1.830417	2.277571	1.318865	0.038885	2.322111
168	16.035192	6.738473	12.0818	7.235522	6.801401	8.194357	7.93565
169	24.44066	3.855722	18.314056	11.281691	14.597071	16.616171	17.788801
170	21.415911	8.419515	18.432337	3.964789	10.533754	13.095477	14.886884
171	19.49074	11.16844	8.920058	6.819245	3.589806	5.999052	7.610052
172	19.013429	9.401362	13.318797	4.22736	3.242794	6.146133	3.56504
173	17.773455	-0.98143	1.181394	2.524861	0.598398	5.864437	7.64851
174	7.217547	6.325546	7.906309	9.26949	7.95927	6.423877	4.690321
175	18.522862	7.396697	21.513478	13.651902	10.657067	13.855202	9.549775
176	18.829664	10.619662	7.720362	4.060219	5.392963	6.825776	9.061409
177	15.137196	5.718748	13.473456	7.828606	10.832105	10.174355	13.317558
178	24.622406	11.742493	13.899011	11.136589	13.134931	14.605989	11.733499
179	18.485728	8.786903	13.25895	7.644827	6.255361	9.672378	14.196182
180	18.663375	8.471589	12.629365	6.419037	9.639271	11.800496	10.697883
181	26.352792	16.52737	10.205033	5.474437	11.995572	8.828039	6.464126
182	22.742398	0.385284	11.040185	6.677387	5.374904	10.345441	8.22872
183	27.845362	7.867405	14.254944	8.367315	16.308312	18.50097	17.439284
184	16.171338	9.766156	8.566196	4.966365	5.500254	3.921447	5.841977
185	21.572421	2.092493	6.848067	7.027929	6.881399	5.849508	7.338037
186	27.49983	3.495807	20.735107	11.141769	11.727933	11.075051	14.452578
187	17.001417	6.460044	8.688365	1.426107	6.678788	7.995298	8.231121
188	18.782014	9.437065	9.54686	9.448245	10.181707	11.085384	9.653353
189	17.814627	3.391437	8.359926	8.074583	6.295496	5.463369	6.087455
190	16.21099	5.881123	10.753119	5.752758	6.830775	4.785229	7.290829
191	24.556986	9.975622	18.171601	4.834139	12.02288	6.02131	8.439622
192	7.201575	1.34301	12.584139	3.41868	8.596271	7.660568	4.999568
193	15.327559	7.506253	8.062511	6.531818	9.390471	5.726715	4.970008
194	22.795295	6.717093	17.803955	11.684019	14.30584	15.419322	17.354265
195	18.252202	10.479513	8.68839	1.339861	3.560064	11.239472	9.82467
196	21.347853	11.44572	16.638983	8.126202	9.079052	10.132833	13.923157
197	16.237593	6.468111	11.635681	9.160003	10.920003	9.860043	6.580933
198	12.174119	10.554874	9.292654	3.467188	5.940005	5.871789	8.261916
199	21.13641	10.26929	19.330559	7.030561	10.363815	11.037854	11.601463
200	21.760491	11.218112	10.236653	7.977569	7.774514	10.282732	9.949353
201	17.638018	5.66131	10.114047	13.034573	9.415609	12.221771	13.547407
202	21.390851	8.886227	12.361893	2.396151	2.871383	7.499633	10.483691
203	32.473695	8.810374	10.768486	6.292932	5.662069	7.223605	4.649212
204	13.263891	11.700772	10.007929	9.795262	12.828712	12.366541	12.528355
205	29.456281	11.422057	14.127901	11.175536	9.400927	9.307896	11.413695
206	20.027387	6.768518	11.451802	3.846985	0.301436	3.814207	5.740532
207	0.888484	4.453893	7.843767	7.201648	7.417365	7.918182	4.235188
208	8.881793	0.886763	10.655517	5.347677	2.169074	1.838128	4.416081
209	9.983673	8.788241	7.407984	7.176235	7.149154	8.092802	8.946279
210	9.245058	2.031711	1.456624	2.167885	1.177939	-0.054811	3.26141
211	23.170804	22.268613	17.367739	12.081383	12.22654	13.232289	14.594139
212	24.710351	6.50182	10.240078	6.672459	6.186285	8.893565	8.84456
213	24.618474	13.128913	17.411896	11.004892	18.028888	10.745459	14.364729
214	10.171732	11.557726	12.064718	5.337728	10.57627	9.253311	11.442007
215	19.295299	3.129145	6.681573	3.052014	7.70627	3.774695	6.880807
216	19.081414	9.606035	14.713819	10.179472	8.040992	13.79132	12.681264
217	28.664306	7.374467	21.630912	12.588722	13.596033	14.838666	13.352632
218	17.195786	12.07536	20.283858	8.462201	12.183225	11.851679	10.866524
219	19.293104	10.823427	9.968758	10.167234	9.868296	8.81889	6.476451
220	25.484341	4.213373	8.061749	6.448112	8.897086	6.550322	6.004624
221	7.87169	5.152564	0.011069	3.29477	-0.83039	-2.689865	1.854901
222	10.251932	-2.551868	8.129761	7.243787	7.54543	7.301048	12.265506
223	9.781872	5.999897	8.442114	4.55199	5.85681	6.231255	5.3407
224	18.211046	-3.013949	-0.393875	6.716393	2.326466	9.238703	6.040887
225	15.80513	3.11791	9.189947	8.124891	10.153169	8.190172	9.778873
226	25.865598	4.313731	5.51305	0.074119	3.839046	8.651937	9.606096
227	12.310133	6.658502	7.10946	3.404885	2.643716	6.371542	5.018054
228	15.644363	4.410054	14.282565	8.069904	4.613652	9.845204	9.250466
229	7.166845	5.598012	5.027207	4.726949	3.960835	4.808471	4.858573
230	20.135737	7.58205	10.011608	10.609526	11.519036	6.178909	12.209522
231	27.248341	12.495345	19.990811	5.369669	9.709664	14.217099	13.021728
232	14.179627	9.893786	13.35397	1.236615	2.660128	3.696691	2.244737
233	11.988951	9.56014	2.698328	2.260332	4.461217	6.764039	8.405911
234	23.002245	14.485519	9.476881	9.051273	14.085028	10.800786	7.032293
235	8.965922	1.174809	5.112634	-0.542357	1.719232	3.354906	3.692639
236	12.421428	7.588677	12.358997	7.34502	8.648067	7.924913	6.969748
237	31.959264	6.895364	17.899947	13.655244	16.293505	15.909463	13.577103
238	24.626949	4.550276	14.258539	3.152192	9.855197	10.328346	9.632429
239	24.02608	7.919265	17.50175	10.062492	13.917888	14.682482	14.77819
240	24.049643	7.142199	12.912933	9.86798	8.390787	4.668525	5.897835
241	14.286832	2.932444	5.488404	4.188871	1.414199	5.730972	5.575573
242	10.901912	7.148143	1.761579	-0.47663	1.892394	-3.901913	-6.930807
243	25.453638	17.605111	12.146871	10.129929	10.623475	10.602666	13.963526
244	10.417174	5.60053	12.488772	7.313342	4.525546	3.957574	6.472923
245	14.999361	13.063685	8.966322	7.563731	9.315761	8.597788	7.862274
246	32.66331	10.385354	15.888071	8.39331	16.344911	16.944308	15.920618
247	14.491176	4.572983	3.543226	1.305391	-1.98988	2.275468	4.548034
248	13.824914	-1.22843	4.107118	9.364348	3.772912	9.471477	8.174129
249	21.364531	16.700657	14.166025	7.185847	6.190952	12.41434	14.810055
250	11.646297	3.787153	6.010436	4.370187	8.626796	12.180658	8.764311
251	18.256848	9.306648	11.214615	5.55727	13.031445	10.320684	11.586276
252	5.033645	9.168371	9.409917	7.116726	10.098815	12.085497	11.124796
253	21.946891	9.358409	9.463738	12.362018	10.809156	8.253337	11.879442
254	12.640944	6.226263	10.038715	3.043688	8.394859	8.417861	3.805528
255	9.36882	7.820155	14.387526	4.061167	6.574974	5.634063	5.372663
256	16.376436	4.140702	12.470096	3.0773	5.479901	6.520158	6.324677
257	21.744118	7.441806	15.320734	11.749071	17.396319	14.655075	13.474108
258	21.470966	2.34604	6.651573	3.208426	5.570658	4.008559	7.195221
259	18.759712	5.15006	3.305039	3.613695	4.741075	4.336	1.999576
260	12.736448	5.068173	13.521626	5.758269	4.776829	5.408515	6.097484
261	10.710683	9.442794	5.560705	10.574812	8.112296	7.739471	7.565811
262	17.412454	9.925556	12.4388	12.961696	9.340211	10.96143	5.791511
263	18.279612	11.178483	7.719729	3.176537	4.084841	7.461954	13.209133
264	24.276534	10.792199	16.431688	9.458657	12.323813	12.865063	12.804934
265	33.250151	17.304339	16.665955	10.172876	17.513607	12.750934	8.667816
266	22.862363	6.882134	12.279226	9.048033	5.967253	8.939022	7.605504
267	19.711613	5.127929	13.681683	3.937593	6.865619	7.594121	10.513568
268	13.381636	8.024485	8.649651	4.954646	9.185861	9.487991	8.195623
269	18.091509	8.987491	12.132697	9.429706	10.444587	11.73367	10.581035
270	17.870346	9.52014	17.051866	13.897622	13.677348	15.036473	13.287334
271	0.409339	9.532818	2.868762	2.887943	3.982654	2.740522	1.686572
272	16.169976	7.314411	13.316081	10.888279	7.481269	11.737137	13.113673
273	9.155619	11.109096	5.266559	11.894834	6.834519	5.574331	2.249004
274	16.873142	9.630461	8.412859	4.150748	1.541628	2.223098	3.307496
275	16.335497	6.880279	15.774757	11.234824	11.349451	9.425931	8.871775
276	20.338183	6.471461	13.744004	12.040804	10.114524	9.705208	14.025932
277	11.113504	8.311198	9.596751	6.89051	3.94359	5.062474	4.841062
278	6.254429	2.121015	-3.235659	-2.623978	-4.367133	-4.032756	-4.001523
279	17.107961	7.803033	18.915438	12.837423	5.185484	7.84182	7.534592
280	12.775069	6.921604	14.733097	10.409867	5.396961	3.810018	4.757465
281	17.278301	1.85058	3.459857	2.43023	3.26485	3.854431	6.684709
282	19.96109	4.159758	16.944061	8.534043	10.789634	12.088429	15.56525
283	7.156061	3.770033	0.049775	3.89766	6.58986	5.22596	6.896262
284	15.994595	11.943033	8.996305	8.804878	9.064173	5.899318	9.321744
285	11.335703	1.471624	5.720058	2.71317	5.177864	7.784187	9.410801
286	9.82747	7.77796	4.88979	1.840631	4.860931	2.19651	2.211258
287	17.740465	3.964565	13.298115	2.979888	2.229161	4.060826	4.703213
288	10.479663	11.874095	14.547067	10.38839	9.012051	7.891401	6.636116
289	13.937753	9.231589	13.019077	2.185381	7.225693	12.097355	8.26304
290	6.499961	11.233552	11.157027	2.503733	4.268767	1.414609	0.72583
291	19.602903	10.095726	16.348	9.309723	7.586497	7.633845	8.799734
292	19.866204	5.221339	17.534332	10.952795	14.231897	14.452064	17.296141
293	19.332758	3.942918	9.376026	1.541261	12.117258	9.589495	8.932242
294	3.482847	0.385481	5.179042	1.753455	0.265567	4.09263	2.835146
295	14.879578	10.438107	11.450763	3.578005	5.511405	6.039385	7.415145
296	26.86082	10.253367	20.681149	9.570565	13.056585	15.542497	16.311378
297	8.878139	7.490365	12.46566	13.300911	15.721631	12.674237	11.167891
298	5.220161	5.216896	3.486362	3.437338	1.660362	0.284444	3.77287
299	21.47359	10.932694	11.824441	5.516078	3.358783	9.765569	9.025495
300	14.052311	10.557495	8.072309	-1.194642	5.275217	4.254712	7.301343
301	0.059972	-4.498427	-1.81426	3.228139	0.848435	-2.056544	-3.563642
302	9.334815	6.455296	4.335067	1.756685	3.518618	3.239898	-0.201281
303	9.475279	2.535076	6.906484	10.947835	12.791379	10.007887	13.084134
304	14.261082	10.161135	5.797785	5.763229	2.190846	2.350965	2.263083
305	15.235973	9.034641	2.760853	8.115481	4.03016	6.549738	3.19876
306	15.891118	9.811359	5.523454	0.933055	4.528991	5.249414	4.012048
307	22.596735	1.687442	7.422346	-0.713553	7.612835	8.929315	10.88121
308	15.038264	4.587273	13.600509	9.207479	8.708823	4.454707	5.128493
309	23.647435	14.103187	13.255056	5.07224	5.406569	11.198073	8.702538
310	4.588257	0.156085	10.040075	3.863646	5.517533	9.593123	6.369108
311	20.344768	5.66486	15.306684	12.921524	8.340401	8.812104	10.355978
312	10.409196	13.759444	13.974908	4.679723	7.140627	10.348399	6.074126
313	13.644403	9.051352	11.810116	11.192503	10.711231	12.183905	11.473864
314	1.283715	8.580583	6.268879	6.120965	4.201263	3.054616	6.260686
315	9.754522	4.396444	3.850577	4.08908	3.379566	5.944037	3.187067
316	25.031515	6.259057	9.356816	13.116694	11.135643	9.3463	5.713025
317	28.746395	8.169559	21.848225	8.176199	10.399805	8.17224	11.924008
318	18.67005	11.424336	12.996918	13.23196	13.801368	15.987701	16.382795
319	17.401777	4.106002	10.04646	10.75622	7.431945	9.318165	11.217929
320	18.512013	3.786961	17.239407	7.877482	12.228967	8.716993	9.170807
321	29.548168	6.146126	16.090131	14.057714	14.497859	13.24269	13.304465
322	23.410161	10.541451	17.239531	6.700181	10.799615	11.52759	10.000938
323	11.067626	2.536463	12.731046	3.00426	5.625011	9.486521	5.858807
324	19.029695	8.300054	11.843724	8.080344	11.956088	11.994607	11.961562
325	21.729735	15.910539	11.737267	0.199769	7.872403	8.295673	9.988771
326	18.596695	4.743465	11.418143	-1.699155	6.786851	3.302639	5.936073
327	16.135329	7.858323	15.044016	5.61371	11.518408	13.430427	12.399168
328	17.390796	12.814084	2.496991	11.977058	10.772976	10.805826	6.353
329	22.851911	5.324655	13.212436	8.100241	8.891964	8.382208	12.677038
330	9.773335	7.205047	7.117998	4.95261	9.488752	5.949476	4.198024
331	15.42307	4.386144	9.792647	9.314564	7.044157	10.234531	9.115601
332	2.535149	5.317359	7.421929	7.145242	10.892536	6.748336	5.567244
333	25.176529	5.476787	21.294145	9.875533	13.86485	11.806066	12.540259
334	22.219642	20.558486	20.136773	11.938737	10.792331	20.563911	20.116271
335	20.670146	10.518232	18.666018	5.333604	9.787345	9.753059	11.280268
336	11.819911	9.522397	8.234012	0.834058	-1.562443	0.796817	1.271982
337	4.068155	4.923744	3.826742	4.971152	1.269647	0.447133	3.871652
338	17.899871	12.27962	11.376328	5.957863	10.817166	9.669173	9.668808
339	25.429851	11.648001	15.215975	7.190146	7.182382	15.118672	13.502588
340	16.161685	4.661153	7.722006	10.42986	11.50472	9.153866	11.012578
341	23.238504	5.783003	16.83689	7.254332	12.628538	11.777608	12.695134
342	17.243604	6.882195	7.418975	5.911067	9.582183	10.940275	6.058805
343	14.923712	3.009937	12.703738	10.192295	14.122728	14.044545	13.874748
344	14.04375	1.636702	6.44129	6.337499	5.591238	2.4236	4.407401
345	9.815945	-0.667371	-3.126916	0.867364	3.74924	5.774345	3.079786
346	26.518614	9.61369	14.793703	8.405235	4.327149	6.054401	8.500074
347	26.782572	10.546096	22.029749	3.09862	8.982765	14.852267	12.815395
348	13.905081	8.161299	11.364954	6.533955	7.607018	7.387742	5.614758
349	11.518213	16.355738	7.63495	-2.150591	-0.502706	4.725926	7.576403
350	23.507798	6.827866	21.730682	6.985943	9.169289	7.489239	7.369182
351	10.769688	9.437142	10.238286	2.997272	10.943846	11.777382	12.656052
352	12.429421	2.341614	10.083804	6.597706	5.62737	6.333801	7.295085
353	13.45206	6.364865	9.168726	3.616643	5.82302	6.473364	6.917783
354	7.758102	1.203757	6.738864	6.471999	5.08656	5.06973	6.862034
355	24.819254	9.879262	14.597031	4.670309	12.449088	9.515419	10.365192
356	24.149132	4.905148	17.381912	9.910281	13.140193	16.28375	15.353021
357	25.450947	13.480151	11.569672	7.095629	10.243187	10.181849	10.438647
358	13.34217	9.040265	4.887189	4.5632	7.358195	3.26715	8.119961
359	25.444442	16.989723	15.578276	9.836745	8.399785	8.958251	12.528378
360	12.879325	10.319136	5.24752	4.178953	6.713176	5.656818	7.767424
361	17.319718	11.050968	13.179351	5.965965	15.03235	15.198878	14.423144
362	9.534556	10.645706	9.425337	10.587173	11.337284	13.178662	11.855376
363	17.845594	9.945675	10.676975	12.014711	8.953887	6.130498	8.066039
364	13.759841	11.956036	4.00284	3.378187	3.014764	5.845018	3.845033
365	14.722431	12.781134	13.819056	6.165455	9.611731	11.794866	12.269866
366	24.312468	13.403013	17.801135	12.673669	11.644371	8.732325	9.934209
367	19.170166	7.185231	8.229815	7.439268	7.899019	8.380481	11.031879
368	16.646293	3.476182	12.315088	5.098422	3.144717	3.315935	3.333685
369	25.578871	13.804211	13.183254	10.052629	9.821617	15.539553	12.320955
370	19.131296	5.636304	9.182284	7.037246	8.727456	4.511916	4.378655
371	17.300402	3.718042	10.311368	8.568893	4.551633	5.120276	5.478891
372	13.071788	4.194045	8.843865	2.184531	3.944972	5.199955	2.280255
373	20.627168	5.615895	15.721671	9.321827	10.69936	15.022823	19.38943
374	15.679926	6.612493	16.416023	11.866947	11.554731	13.248828	13.909509
375	15.317986	7.908316	7.067682	6.024337	9.405662	6.813065	11.814153
376	18.088752	6.575612	5.421519	2.708661	4.72588	6.274636	7.883153
377	26.890871	10.756857	19.501199	10.289178	10.013416	12.156578	15.702422
378	15.104317	13.995132	17.255391	4.934449	14.595715	11.105593	9.439596
379	20.68468	9.812394	12.489581	10.271568	9.266579	2.120628	2.822964
380	5.850842	3.668613	4.876884	10.375282	5.641742	4.717775	3.787729
381	12.233902	6.746287	10.922994	5.294515	13.093491	12.9696	17.2107
382	26.097487	8.765068	12.680819	10.460859	7.774984	14.253837	18.424845
383	23.880431	7.731984	14.908489	5.586282	8.259523	6.389642	4.932653
384	9.176307	7.17624	16.644364	6.536408	8.219839	9.547262	10.082012
385	13.050414	6.582571	13.777624	6.817568	4.557301	3.71457	6.470095
386	30.298307	10.68129	14.552792	6.149995	6.33228	5.948576	8.239361
387	13.552524	11.360296	12.927854	4.952091	8.617221	8.665674	7.460447
388	12.644387	-2.049109	5.723523	-2.787296	2.81471	2.906644	1.507224
389	21.971265	9.707558	17.439507	16.343812	17.832311	23.012839	22.264792
390	19.383146	14.799553	12.321653	7.055519	7.422437	11.865278	7.718105
391	23.704769	8.662308	13.272946	12.557063	11.390878	8.714065	7.945512
392	23.613471	0.515653	13.327904	5.167464	7.15945	6.210597	7.014535
393	25.967649	17.74025	18.567496	11.356681	13.800665	13.612669	10.831759
394	18.241608	10.952844	15.079461	5.749349	4.041987	6.258355	9.067047
395	21.947725	8.501215	7.910673	5.414036	6.799371	9.557642	8.6503
396	17.116625	13.778596	9.831705	9.403486	9.84292	7.443685	8.455079
397	16.072248	7.820024	8.98539	9.429485	9.820241	2.409819	1.9693
398	17.97155	1.662462	16.520109	12.77335	11.910833	14.782898	13.689483
399	18.216853	10.019985	13.405368	5.539906	6.627535	6.654647	9.222822
400	22.347102	5.18636	9.938164	7.884723	8.64931	12.109309	9.143759
401	9.528863	9.24527	16.379594	5.319557	5.512393	12.326004	13.674668
402	13.997713	3.625775	9.283427	4.359126	5.035595	3.63719	2.414663
403	24.467577	2.322358	17.537053	8.95394	9.469739	9.916092	13.00632
404	15.838981	8.163273	8.270669	-2.282784	2.151435	0.602656	0.263891
405	20.48156	6.899247	4.473631	4.08752	5.079896	8.057622	9.313452
406	20.193138	3.930286	9.662697	3.603862	3.276473	7.566477	11.817348
407	24.751682	7.575282	12.480608	10.298988	11.565941	10.941412	9.1811
408	9.136912	2.657478	6.226418	1.636825	2.717449	4.729549	8.624793
409	20.077534	6.762411	10.932821	6.602783	9.706421	8.784781	9.470911
410	23.638275	10.727971	5.140604	6.479446	10.509249	3.810642	7.082641
411	9.085916	12.577063	2.296662	9.570123	11.440196	10.47089	9.188065
412	0.795639	8.783227	9.464359	8.607257	11.383133	10.850918	8.23311
413	18.161864	8.088419	12.405071	16.425681	16.976819	17.835759	18.842265
414	12.396747	1.495139	6.514266	4.95609	1.185255	4.614171	8.853605
415	14.593691	0.747769	13.611091	10.119347	13.589599	12.474742	11.036685
416	20.2502	9.091578	6.812409	3.567732	6.941015	9.077592	5.737087
417	13.532315	2.255949	17.29697	2.80975	10.968642	4.834806	4.084927
418	11.584872	7.810205	8.940256	7.177482	7.834366	11.053034	12.948693
419	17.966687	10.923089	13.055591	4.085342	4.468256	6.644669	10.164952
420	23.166965	6.558128	14.773824	11.604143	12.877571	10.377572	12.416231
421	14.592783	14.251497	12.663293	8.72014	9.339314	9.90066	10.010416
422	13.362848	7.89852	4.741414	6.655971	8.895736	7.829782	7.167269
423	11.40449	9.936596	8.709396	2.100594	8.858697	9.218633	4.740284
424	15.275696	7.827416	14.722363	4.113846	4.609175	6.881581	7.61738
425	25.830438	7.292052	13.133598	11.96039	13.534358	14.385483	13.567162
426	24.885504	3.436085	8.85968	4.376395	0.907381	5.183912	5.240035
427	9.624448	9.434854	11.832326	9.58419	8.999239	10.826928	10.758577
428	18.054558	9.624928	12.716413	2.159061	5.79679	6.631533	5.368538
429	9.082994	6.25832	5.732186	3.251294	1.552256	7.944404	3.324906
430	23.200614	9.548638	18.940458	11.858879	10.770554	11.508541	16.42959
431	7.561582	4.372296	5.911253	6.324706	4.908011	7.686772	6.100184
432	15.604245	-2.448126	7.778698	3.890425	1.072627	2.175049	6.906916
433	3.025337	3.22626	5.791281	-0.94137	0.869022	2.641884	0.409627
434	18.365596	7.570771	6.738185	3.779396	4.374479	3.334821	3.291841
435	13.567479	5.628054	11.673663	7.748438	7.7967	7.148576	5.849425
436	28.824387	10.823692	16.926666	12.354761	14.456246	12.80884	8.150018
437	12.205677	8.475121	13.142173	5.332378	7.736624	7.553453	8.283201
438	21.465543	2.573964	11.765924	1.763207	5.550004	7.4482	9.312831
439	9.191355	6.901915	16.131652	9.835869	14.262092	16.04174	17.950265
440	24.919247	10.483918	21.838989	12.756075	11.466857	8.812571	10.920606
441	13.829321	10.64567	9.884154	9.716845	9.418406	5.05572	8.724718
442	11.451655	2.346244	6.162644	3.79055	7.49184	8.207448	9.14844
443	13.46315	8.554145	6.370482	3.891765	5.589781	2.345428	1.168191
444	19.597563	4.611053	9.470049	9.161814	5.66937	7.092473	7.20217
445	13.956598	7.170452	12.160221	8.418351	9.850758	10.963181	12.173259
446	20.045214	7.865202	9.709101	5.090716	3.85794	8.593822	10.39017
447	12.924544	12.538575	14.831776	9.776466	5.289641	6.429369	5.520737
448	21.635328	14.024829	10.099166	6.111366	5.367851	7.483035	9.330939
449	12.761789	5.519757	9.974052	3.928783	3.602068	6.594861	7.021276
450	16.294017	-0.358223	13.904113	5.475284	11.881964	11.788431	10.583096
451	22.425747	14.170525	15.027144	13.053952	11.651612	12.256426	10.466671
452	14.7221	6.743009	10.09459	7.48617	6.337845	5.096734	8.411642
453	16.387777	3.562859	11.442671	1.987765	3.83635	2.767065	4.331634
454	20.323803	9.335542	10.011267	5.876547	7.847422	7.975807	11.619324
455	21.333744	2.894451	6.478594	5.392939	0.299617	5.820929	3.608733
456	24.88002	11.221139	12.98428	9.918992	13.012232	16.21579	14.595119
457	6.523219	-0.573038	6.301275	-0.188721	9.801038	8.5076	11.067423
458	12.59858	3.109894	7.874533	4.719173	5.443094	4.996148	7.513208
459	13.997124	1.43477	13.102036	14.189289	10.92745	10.490546	9.836783
460	14.299579	4.098462	19.830097	8.895839	15.51213	12.380409	10.371673
461	8.931386	4.640359	2.852366	5.548186	5.971799	8.83008	5.27959
462	22.815346	9.596762	11.029469	7.407181	4.884475	8.633517	14.397997
463	21.620179	6.539618	13.128887	8.434252	8.726285	5.880137	9.005912
464	17.292727	4.039784	5.555646	1.396723	5.461649	4.439807	0.515818
465	16.330733	14.385785	12.484207	13.70849	11.123936	18.968457	15.958375
466	8.518826	8.997485	6.940498	8.172315	5.092245	4.517831	3.447326
467	23.401375	4.555214	6.129966	3.726851	6.13715	2.444997	5.648517
468	20.309946	3.608671	15.636557	4.05167	12.314598	7.914277	9.993143
469	15.782326	5.22262	8.02376	12.17678	8.112587	11.094738	9.915811
470	23.903448	6.544415	10.244609	7.916241	7.64013	8.266841	4.765399
471	16.336606	7.647748	8.387853	7.022154	12.083695	9.731888	9.999837
472	3.758521	-1.699998	5.40218	-0.976499	-2.278535	-1.45004	-0.653485
473	12.861973	11.80845	8.549931	8.746503	5.064658	4.908012	3.06036
474	27.376571	4.259394	17.655837	16.495303	17.907511	18.239991	17.457968
475	15.278054	8.404757	12.880942	6.751946	11.260966	3.535853	6.46629
476	0.597296	2.140349	7.057647	4.323034	5.566895	5.068635	3.942047
477	19.930051	6.118905	14.662228	10.011538	8.028609	11.046206	9.809443
478	9.798132	5.5324	10.289714	5.923495	4.522319	4.778381	3.718903
479	25.568315	0.436981	16.87613	8.99233	12.78871	9.158031	11.329318
480	15.794556	10.027349	10.108082	3.070128	7.440693	4.465125	6.241802
481	15.897945	5.965239	8.885615	3.488857	5.304288	4.960778	6.202946
482	23.184247	6.822095	8.201613	4.009421	8.509358	12.044395	11.550776
483	23.245347	1.915213	10.959705	7.526899	8.390093	9.008793	11.401108
484	17.377756	8.377463	11.926126	10.737632	9.622155	8.514766	13.63859
485	15.002495	10.394469	12.418779	12.492536	15.801349	20.648795	18.739953
486	29.435491	0.860868	9.524192	6.824979	15.632979	9.983587	11.380345
487	7.858811	2.701694	13.796005	2.974946	1.219701	3.466913	5.308694
488	13.396969	13.441883	13.733414	4.019626	7.84898	5.217408	8.662228
489	16.039729	2.201615	9.11473	7.857569	6.230482	4.763367	4.621039
490	29.005245	7.609478	11.972433	11.632239	7.889699	7.895053	6.085009
491	30.478513	10.301258	19.553384	11.863375	14.609927	18.825689	16.032023
492	18.776042	7.540518	13.86305	11.142564	15.160623	14.237002	18.67385
493	28.521125	7.776716	13.575886	12.174919	17.650609	19.105041	16.664985
494	28.212002	0.985481	10.410677	8.895605	8.548965	10.022548	6.100703
495	17.110065	7.78753	6.703036	4.985131	7.570415	9.116746	6.400532
496	16.931375	11.314247	9.4165	3.254683	8.651083	9.783909	10.261746
497	18.57777	7.306607	13.76469	4.626042	6.215228	6.499526	8.213082
498	12.90458	15.447715	15.868758	7.137494	7.149046	8.915934	8.421749
499	13.102145	2.897284	10.792243	3.881857	4.406193	6.791496	5.897328
500	22.470759	13.805069	17.677326	10.849275	12.913656	9.671475	12.218024
